 

AUCTORUM NOMINA

E QUlBUS

CATENA IN 1 ΕΡ. AD COR. CONFLATA EST.

 

Apollinaris haeretieus obiter no-
minatus 326, 19.

Athanasius ἐν τῷ· περὶ σεμνοῦ *γάμου
478, 8.

Chrysostomus vid. Joannes.

Clemens 22, 21. 25, 19.

Cyl-illus 4, 26. 5, 18. 8, 20. 15,

3. 16, 28. 17, 9. 23, 15. 25,
22. 26, 30. 35, 14. 36, 9.
39, 11· 442 3· 49, 7· 50³ 27·
58, 20. 89, 7. 90, 2. 101, 18.
102, 4. 105,5. 112, 29. 114.
14. 119, 5. 130, 1. 132,16.
141, 29. 185, 35. 207, 13.
208, 30. 210, 26. 227, 30.
230, 29. 235, 25. 260, 31.
262, 29. 265, 25. 267, 21.
270, 3 et 29. 281, 29. 284‚9.
288, 18. 289, 31. 291, 16.
293, 3. 298, 11. 302,3. 315.
33. 319,17 et 33. 321,31.
324, 6. 325, 24. 329, 12. 331,
17. 333, 27. 460, 22. 461,
21. 477, 24. ἐν βίβλῳ ὃ τῶν
κατὰ 478, 11. ’lauzaavov'478‚
22.

Dionysius Areopagita 29, 19.

Eusebius 75, 31. 477, 29.

Gennadius 187, 8. 251, 30. 478,
20.

Gregorius 302, 7. 461, 16. 477,
18, 20.

,loannes i. e. Chrysostomus 21,
14. 38, 11. 39, 29. 43, 25.
44, 1. 50, 10. 54, 24 et 30.
61, 16. 67, 4. 68, 18. 78, 20.

25. 129, 20. 133, 27. 135,
30. 136, 3 et 10. 139, 13.
141, 17. 150,18. 154, 26.
155, 23. 157, 28. 161,4. 162,
9. 163, 19 et seq. 165, 14 et
25. 166, 3 et 20. 168, 11 et
seq. 170, 26. 172, 1. 173,29.
174, 20. 179,13. 180, 22.
182, 25. 183, 27. 184, 12.
189, 19. 190, 12 et 30. 191,
28. 193,13. 195, 27. 197,4.
199, 18. 201, 8. 202, 21. 209,
20. 211,4. 213,15. 214, 19.
218, 12. 221, 1, 6 et 19. 223,
25. 233, 4. 236,13. 237, 24.
239, 30. 240,4 et seq. 243,
3 et 17. 246, 28. 251, 10 et
seq. 253, 23. 257, 22. 260, 7
et 17. 263,7. 264, 11. 265,
22 et 32. 267,30. 270, 14.
271, 10 et 24. 273, 4. 275,
28. 276, 25. 277, 15 et 24.
278, 21. 280, 14. 281, 1 et
16. 282, 5 et 26. 285, 10.
286, 20 et 34. 287, 5 et 15.
288, 5, 290, 6. 291, 13 et 30.

292, 9. 293, 1 et 24. 294, 20.
300» 5 et 34· 303, 28· 309·
17. 310, 28. 311‚32. 312,
24. 313, 7 et 22. 314, 15.
317, 26. 318, 24. 319, 22.
321,5. 323, 29. 324, 14. 326,
5· 328‚17· 33029· 333, 24·
334, 12 et 24. 335, 26. 336,
saepe. 337 id 338. 341, 8.
342, 10· 343,28. 34429·

80, 27. 81, 1. 82, 3. 92, 24. Isodorus Pelusiota 117, 10. 181,

96, 1 et 6. 99 10 et 14. 101,

3.

22. 110, 3. 111, 12. 116, 3 Marcio haereticus 138, 30. 326,

et passim. 122, 24 et 29. 125,

19.

30.

