482

Maximilla haeretica 279, 4.

Methodius 329, 20.

OEcumenius 41, 23. 45,4. 50,
23. 63, 5. 68, 4. 111, 19.
114, 20. 115, 29. 126, 9. 139,
18. 143, 25. 147, 22 et seq.
148, 3. 149,32. 150, 5 et
seq. 151, 8 et seq. 152, 23.
154‚31· Ι55,3· 174‚3· 176,
20 et 26. 187, 27. 197, 16.
208,9. 218,31. 258, 8. 277,
19. 286,3. 301,33. 310, 8
et16. 313,3. 323,16. 332,
31. 461, 30. 462, 10 et
335. 463, 2 et 24. 464, 1 et
1 .

Origenes 7, 1 et 9. 9, 1. 10, 25.
11, 5. 13, 13 et 17. 14, 16.
15, 33. 19,14 et 27. 20, 19.
22, 17. 23,34. 24, 33. 26,
1. 30,7et18. 34, 25. 35,35.
37, 23· 3923· 42, 12· 43» Ι5·
46, 26. 48, 20. 51, 5. 52, 29.
54, 11. 56, 9. 64, 5. 69, 24.
71,6. 74,13. 77, 14. 78, 27.
84, 8. 87,16. 88, 30. 90,16.
93· 7· 95, 4· 972 7· 102» 4·
105, 15. 107, 15. 109, 10.
110, 18. 111, 16. 112, 22.
114,3. 119, 26. 121,1. 123,
11. 124, 13.126‚ 22. 133,1.
137, 19. 140, 12. 145 23.
167,6. 169, 31.176, 5. 177,
21. 180, 27. 182, 9. 186,32.
188, 34. 226, 23. 245,3. 249,
4. 252, '17 et 25. 255, 25.
257,17. 277, 29. 279,1. 280,
29. 283, 22. 294, 32. 315,
10. 339, 29. 341, 20.

Photinus haereticus nominatus
326, 19.

Photius 7, 28. 10, 1. 14, 21 et
24. 18, 12, 19, 35. 22, 8.

332 11· 35, 22· 37» 1· 49›
11. 52, 18. 55, 4. 63, 19.
68, 6. 70, 8. 76, 4. 81, 10.
86, 5. 94, 20. 96, 15. 99,
21 et 31. 102, 20 et 32. 107,
3. 111, 21. 116, 18 et 28.

134, 15. 136, 21. 139, 27.

AUCTORUM NOMINA.

143,32. 148,8. 153, 8. 155,
10. 160, 31. 166, 8. 169, 8.

171, 13. 177, 1. 181, 26.

187, 30. 192, 17. 194, 10.

196, 5. 197, 19 et 30. 198,
4 et 8. 200, 6. 201, 26. 208,

11. 210, 8. 211,32. 212,
11. 216, 1. 217,31. 218, 33.
220, 17 et 24. 222, 29. 223,
6. 228, 23 et 31. 238, 12.
241, 14. 247, 13. 254. 29.
256, 13. 258, 20 et 32. 262,
9. 264, 29. 266, 18. 268, 11.
271, 32. 278, 27. 302, 18.
303, 4. 310, 19. 312, 4 et 8.
313, 32. 318, 10. 324 18.
327, 8 et 21. 329, 24. 335,
1 et 10. 338, 29.

Priscilla haeretica nominata 279,

Severianus 4, 19. 5, 13 et 15.
6, 10 et 22. 8, 31. 9, 7 et
25. 13,19. 16, 20. 17, 23.
19, 4. 21, 29. 24, 15. 28, 4.
30, 5· 32, 33· 34» ¹4· 35·
28. 36, 28. 37, 14. 44, 1 et
6. 45, 25. 46, 21. 48, 16.
50, 17. 60, 17. 66, 19. 74,
10. 78,16. 86,1. 88,12.
91, 24 et 31. 94, 18. 95, 32.
99,4. 101,29. 109,34. 113,
31. 120, 20. 129, 3. 133,
25. 136, 16. 141, 8. 145,
19. 149, 19. 150‚22. 151,
4. 154, 23. 156, 17 et 34.
162, 21. 180, 19. 183, 8 et
25. 190, 5. 191, 26. 192, 32.
195, 18. 202, 17. 206, 23.
211, 18. 243, 7 et 9. 246,
19. 248, 3. 262, 1 et 27.
270, 11. 272, 19. 274, 22.
276, 34. 282, 16. 286, 1 et
26. 287, 3 et 28. 290, 10.
292, 14 et 32. 294, 13. 315,
1. 319, 6. 323, 25. 328,17.
329, 5. 331, 10. 460,16.
461, 15. 462, 16. 477, 11.
478‚5-

Theodorltus 2, 10. 4, 22. 5, 4.

6, 17. 7, 18. 8, 27. 9,10.

