AUCTORUM NOMINA. 483

10, 18, 27 et 32. 14, 5. 15,

19, 16, 25. 19, 8. 23, 33.
24, 29. 30, 1. 35, 17. 36, 7.
372 Ῑ9· 4¹» 17· 42·4·⁴ 44, 1
et 29. 45, 18. 48, 19. 52, 9.
53, 22 et 28. 59, 70131. 66,
30· 69, 3· 73, 19· 74, 3· 83,
5 et 25. 88, 27. 91, 19 et
29. 94, 18. 99, 8. 101, 17.
104, 26. 107, 33. 108, 12 et
23. 110, 31. 112, 20. 113,

263, 28. 265, 18. 266, 8.
267,12. 270, 22. 271, 1 et
16. 272,16. 274, 25. 275.
6. 276,16. 281, 13. 283, 11.
293,9et 21 et 29. 300, 17.
309, 10. 311, 28. 312,32.
313. 16 et 25. 314, 11. 319,
11. 321, 26. 323,18. 330,
29· 334,18 et 34· 335232-
336 saepe. 337, 10. 342, 10.
3432 5 et 25. 344, ¹4·

5. 120, 16. 123, 31. 129, 7. Theodorus (scil. Mopsuest.) 18, 8

132, 8, 134, 4· 135, 7· 139,
21. 141, 29. 144,24. 152,
11 et 18. 154, 8. 156, 23.
157, 12. 160, 16. 162, 29.
163, 8. 164, 21. 166, 25.
170, 20. 172, 25. 173, 6.
175, 14. 180, 12. 182, 34.
183, 14. 185, 29. 189, 15.
190, 9 et 18. 191, 14 et 24.
192, 35. 194, 26. 195, 25.
199, 4. 201,22. 202, 8. 206,
31. 210, 20. 212, 34. 213,
34. 214, 7. 216,16. 217,
16. 219, 15. 220, 3 et 32.
226, 1 et 14. 233, 26. 234,
10. 235,10. 236, 10. 237, 4.
238, 33. 239, 14. 242, 30.
244, 33· 246, 9· 252, 4· 254,
19. 255, 8. 256 27 et 34.
257, 6. 259, 24. 262, 18.

et 29. 28, 35. 30, 1. 45, 1 er.
10. 61,4. 83‚15 et31. 92, 4.
95,26. 101‚3. 102,10. 104,
20. 108 7et31. 111,5. 112.
17. 1-13,28. 123, 29. 124
8. 134, 12. 135, 25. 141,4.
144, 17. 145, 4. 150, 25.
152, 13. 156, 23. 167, 1.
180, 8. 185, 20. 189, 5.
190, 17. 191, 19. 195, 11.
206, 14. 211, 30. 214, 3.
216, 22. 218, 28. 219, 31.
221, 28. 222, 27. 225, 33.
226, 14. 234, 24 et 29. 239,
6. 242, 32. 246, 13. 248,
23. 259, 20. 283, 1. 323,
22. 329, 8. 331, 4. 342,
15.

Valentinus haereticus nominatus

226, 18.

ΙΙ ΕΡ. AD COR.

Arethas Diaconus. 479, 11.

Chrysostomus vid. Joannes.
Clemens Alexandrinus ἐν ὃ ὑποτυ-

Methodius ἐν

τῷ περὶ ἀναστάσεως

λόγῳ 379, ¹2·

Novatiani 438, 33.

πόσεων 385, 11. 391,31. 473, OEcumenius 387, 11. 405, 18.

5

cyrillus ἐν βιβλίῳ ρλα τῆς ἑρμηνείας
ἐν α βιβλίῳ

τοῦ Λουκᾶ 370, [2.
κατὰ ’Iov-hama ἐν ἀρχῇ 374, 2.
Gennadius 475, 9. 479, 24.
Joannes Chrysostomus 373, 31.
390, ¹9· 428, 32, 473, 9·
479, 2·

Irenaeus 373, 32. 479, 5.
Manichaei 373, 21. 374, 13.

423,5· 438, 9· 439, ¹8· 473,

ῐ· 474, 15 et 24· 475· 31·
476, 6 et 18.

Photius 397, 6. vid. not.
'theodoretus 346, 8. 358, 20.

359, 31. 366, 32. 368, 10.
379, 13 et 31. 381. 8. 389,
21 et 24. 393, 23. 438, 18.
473, 10, 17, 34· 474» 3· 477»
1. 479, 7 et 18.

Marcio Mapxtoevqu73, 22. 374,10. Theodorus 479, 7 et 18.

